0,0,O,3,0,4346
0,1,S,2,0,2079
0,2,O,3,0,1802
0,3,S,5,0,968
0,4,S,0,0,2183
0,5,S,3,0,1515
0,6,O,4,0,1232
0,7,S,0,0,1244
0,8,S,5,0,1038
0,9,O,2,0,1011
0,10,O,0,0,917
0,11,O,6,0,897
0,12,S,0,0,1199
0,13,O,3,0,1116
0,14,S,1,0,1088
0,15,S,3,0,1168
0,16,O,7,0,1317
0,17,S,3,0,1071
0,18,O,1,0,1534
0,19,O,5,0,843
1,0,U,3,0,2601
1,1,U,2,0,1428
1,2,B,1,0,1160
1,3,B,6,0,985
1,4,U,5,0,1656
1,5,U,1,0,1919
1,6,U,0,0,1567
1,7,U,1,0,2205
1,8,U,0,0,1204
1,9,U,3,0,864
1,10,B,0,0,1220
1,11,B,6,0,979
1,12,U,5,0,2640
1,13,B,0,0,1142
1,14,U,2,0,1335
1,15,U,0,0,1431
1,16,U,4,0,1327
1,17,U,2,0,791
1,18,U,3,0,840
1,19,U,5,0,1630
2,0,S,3,0,1537
2,1,U,4,0,1493
2,2,S,1,0,1536
2,3,U,1,0,1105
2,4,O,6,0,1187
2,5,B,2,0,1079
2,6,O,7,0,854
2,7,U,6,0,1363
2,8,S,0,0,1007
2,9,U,3,0,1740
2,10,O,6,0,1317
2,11,B,1,0,768
2,12,O,4,0,1042
2,13,U,6,0,1217
2,14,O,6,0,1267
2,15,B,3,0,2110
2,16,O,0,0,1134
2,17,B,6,0,1088
2,18,S,2,0,1043
2,19,B,3,0,1404
2,20,O,5,0,1150
2,21,U,0,0,1048
2,22,S,4,0,2211
2,23,B,6,0,2551
2,24,S,1,0,987
2,25,U,4,0,1623
2,26,S,4,0,1686
2,27,B,3,0,4459
2,28,S,5,0,1723
2,29,U,0,0,2627
2,30,O,1,0,1061
2,31,U,1,0,1995
2,32,S,2,0,1993
2,33,U,5,0,976
2,34,O,7,0,1005
2,35,B,6,0,998
2,36,O,3,0,2321
2,37,U,5,0,1147
2,38,O,5,0,1417
2,39,U,1,0,1633
3,0,S,0,0,1221
3,1,U,1,0,967
3,2,S,4,0,834
3,3,B,6,0,1335
3,4,S,2,0,1020
3,5,U,0,0,1399
3,6,S,0,0,967
3,7,B,1,1,12594
3,8,O,4,0,2739
3,9,U,2,0,2112
3,10,S,0,0,1532
3,11,U,6,0,1088
3,12,O,3,0,1095
3,13,B,2,0,1240
3,14,O,6,0,1138
3,15,U,3,0,1988
3,16,S,0,0,2520
3,17,U,2,0,978
3,18,S,3,0,938
3,19,U,6,0,1488
3,20,O,6,0,1002
3,21,B,2,0,926
3,22,O,7,0,1005
3,23,U,0,0,1220
3,24,O,2,0,1956
3,25,B,2,0,1168
3,26,S,4,0,1078
3,27,U,0,0,1345
3,28,O,7,0,1161
3,29,B,3,0,1045
3,30,O,0,0,1352
3,31,U,1,0,1042
3,32,O,7,0,1128
3,33,B,6,0,2172
3,34,O,0,0,1385
3,35,U,5,0,1012
3,36,O,5,0,2719
3,37,B,1,0,1059
3,38,O,3,0,1215
3,39,B,3,0,982
4,0,S,4,0,1873
4,1,O,5,0,1314
4,2,O,0,0,1923
4,3,S,1,0,1105
4,4,S,4,0,1017
4,5,O,8,0,960
4,6,O,5,0,3467
4,7,O,8,0,969
4,8,O,1,0,1052
4,9,O,7,0,1281
4,10,S,5,0,880
4,11,S,1,0,817
4,12,S,4,0,1384
4,13,S,5,0,745
4,14,S,0,0,873
4,15,S,3,0,968
4,16,O,2,0,988
4,17,S,1,0,986
4,18,O,3,0,1136
4,19,S,5,0,1010
5,0,S,1,0,1374
5,1,B,5,1,6337
5,2,O,8,0,2468
5,3,B,2,1,9568
5,4,S,1,0,1131
5,5,U,1,1,5826
5,6,S,0,0,2692
5,7,B,6,0,4184
5,8,S,3,0,2829
5,9,B,1,0,2767
5,10,S,4,0,1247
5,11,B,3,0,2101
5,12,O,3,0,3058
5,13,B,4,0,1585
5,14,S,2,0,1738
5,15,B,5,0,1690
5,16,O,4,0,1231
5,17,B,0,0,2496
5,18,O,8,0,1303
5,19,U,5,0,3455
5,20,O,1,0,1101
5,21,B,3,0,1442
5,22,O,7,0,1377
5,23,B,6,0,2107
5,24,S,3,0,1661
5,25,B,2,0,1183
5,26,O,8,0,1082
5,27,U,4,0,2607
5,28,S,0,0,1354
5,29,U,5,2,4752
5,30,S,2,0,1612
5,31,B,2,0,2197
5,32,O,1,0,1610
5,33,U,0,0,2104
5,34,S,5,0,1032
5,35,U,2,0,2166
5,36,O,1,0,1072
5,37,B,6,1,4547
5,38,S,3,0,2783
5,39,U,1,0,1343
6,0,O,5,0,2449
6,1,U,5,0,2847
6,2,O,7,0,1246
6,3,B,4,0,1523
6,4,S,5,0,1129
6,5,B,2,0,1152
6,6,S,4,0,1028
6,7,B,4,0,1315
6,8,S,3,0,906
6,9,B,1,0,1447
6,10,S,4,0,1543
6,11,U,2,0,1161
6,12,S,0,0,1207
6,13,B,3,0,1566
6,14,S,4,0,2129
6,15,B,2,0,1210
6,16,S,1,0,877
6,17,B,4,0,928
6,18,S,2,0,795
6,19,U,5,0,1260
6,20,S,3,0,1107
6,21,U,1,0,2923
6,22,S,2,0,1676
6,23,B,5,0,974
6,24,O,6,0,1126
6,25,B,0,0,1365
6,26,O,5,0,953
6,27,B,3,0,1189
6,28,S,4,0,1234
6,29,B,5,0,2006
6,30,S,2,0,1016
6,31,B,3,0,1225
6,32,S,4,0,1526
6,33,U,4,0,1752
6,34,O,0,0,1809
6,35,U,5,0,2395
6,36,O,2,0,1325
6,37,U,4,0,2631
6,38,S,3,0,2039
6,39,U,6,0,1970
