0,0,O,7,0,2207
0,1,S,3,0,1223
0,2,O,5,0,1328
0,3,S,0,0,808
0,4,O,6,0,904
0,5,O,1,1,4080
0,6,S,2,0,1384
0,7,O,3,0,1544
0,8,O,6,0,992
0,9,S,3,0,912
0,10,O,5,0,904
0,11,S,4,1,3248
0,12,S,7,0,1623
0,13,O,0,0,2104
0,14,S,4,0,1664
0,15,O,7,0,1040
0,16,S,4,0,624
0,17,O,5,0,888
0,18,S,3,0,631
0,19,O,0,0,1152
1,0,B,1,0,1799
1,1,B,2,0,3064
1,2,B,6,0,2480
1,3,B,3,0,1672
1,4,U,1,0,2401
1,5,U,4,0,2120
1,6,B,1,0,1479
1,7,U,0,0,1880
1,8,U,5,0,3344
1,9,U,1,0,2625
1,10,B,0,0,1919
1,11,B,5,0,2216
1,12,B,3,0,1640
1,13,B,5,0,1408
1,14,B,0,0,1287
1,15,U,3,0,1304
1,16,U,2,0,2224
1,17,U,1,0,2320
1,18,B,5,0,1464
1,19,U,1,0,2472
2,0,O,1,0,7474
2,1,U,2,0,7204
2,2,S,0,0,3105
2,3,U,6,0,8274
2,4,S,6,0,5422
2,5,U,0,0,4772
2,6,S,2,0,1760
2,7,U,5,0,3416
2,8,S,1,0,2136
2,9,B,4,0,4602
2,10,O,0,0,2903
2,11,B,0,0,1726
2,12,O,4,0,3186
2,13,U,5,0,3374
2,14,O,7,0,2689
2,15,B,4,0,4093
2,16,S,6,0,3473
2,17,B,1,0,3304
2,18,O,2,0,4444
2,19,B,4,0,2729
2,20,O,6,0,5336
2,21,B,2,0,4955
2,22,S,1,0,2376
2,23,U,1,0,3733
2,24,O,5,0,4345
2,25,B,2,0,4545
2,26,O,0,0,2009
2,27,B,1,0,5421
2,28,S,5,0,1673
2,29,B,3,0,1663
2,30,S,1,0,1599
2,31,U,2,0,2592
2,32,S,7,0,2137
2,33,U,5,0,1928
2,34,S,3,0,2464
2,35,U,0,0,3344
2,36,O,1,0,5312
2,37,U,4,0,5272
2,38,O,4,0,1127
2,39,U,0,0,1056
3,0,S,5,0,3432
3,1,B,4,0,4631
3,2,O,0,0,2857
3,3,U,2,0,3591
3,4,S,7,0,2200
3,5,B,3,0,4831
3,6,S,0,0,2953
3,7,B,2,0,3255
3,8,S,4,0,1599
3,9,U,4,0,3656
3,10,O,3,0,2128
3,11,U,5,0,2832
3,12,O,2,0,2031
3,13,U,4,0,1208
3,14,O,4,0,1591
3,15,U,6,0,5831
3,16,S,5,0,3840
3,17,U,5,0,1464
3,18,O,4,0,1823
3,19,B,2,0,4583
3,20,O,3,0,1552
3,21,U,6,0,3671
3,22,O,0,0,2327
3,23,U,4,0,1975
3,24,O,3,0,1271
3,25,B,3,0,2792
3,26,O,1,0,2585
3,27,U,0,0,1335
3,28,O,3,0,2112
3,29,B,2,0,5016
3,30,O,4,0,1384
3,31,U,4,0,3032
3,32,S,7,0,3504
3,33,B,6,0,4886
3,34,O,4,0,1769
3,35,B,4,0,4207
3,36,S,1,0,2064
3,37,U,6,0,5159
3,38,S,2,0,1592
3,39,U,3,0,3888
4,0,S,1,0,2735
4,1,S,6,0,1984
4,2,O,3,0,1535
4,3,S,2,0,1288
4,4,S,1,0,2352
4,5,S,5,0,2952
4,6,S,7,0,1255
4,7,O,3,0,952
4,8,S,7,0,1872
4,9,O,4,0,1264
4,10,O,6,0,2097
4,11,S,2,0,759
4,12,S,7,0,1504
4,13,S,4,0,1872
4,14,O,0,0,1071
4,15,S,6,0,647
4,16,S,3,0,848
4,17,S,7,0,2873
4,18,S,3,0,783
4,19,O,7,0,1992
5,0,S,0,0,2936
5,1,U,2,0,8391
5,2,S,3,0,1584
5,3,B,6,0,6119
5,4,S,1,0,1832
5,5,B,2,0,6559
5,6,O,4,0,1385
5,7,B,3,0,2975
5,8,S,2,0,1393
5,9,B,4,0,3631
5,10,S,6,0,2968
5,11,B,5,0,4598
5,12,O,1,0,1665
5,13,U,3,0,2848
5,14,S,5,0,2415
5,15,U,1,0,3928
5,16,O,2,0,6968
5,17,B,5,1,6224
5,18,S,3,0,3615
5,19,U,1,0,4480
5,20,S,2,0,2409
5,21,U,3,0,2320
5,22,S,0,0,1062
5,23,U,0,0,1545
5,24,S,7,0,1968
5,25,B,5,0,2046
5,26,O,4,0,1856
5,27,B,3,0,2618
5,28,O,2,0,1647
5,29,U,0,0,1600
5,30,O,5,0,1632
5,31,U,3,0,5248
5,32,O,2,0,1848
5,33,B,1,0,1848
5,34,S,1,0,1064
5,35,U,6,0,2544
5,36,S,0,0,936
5,37,U,0,0,1392
5,38,S,6,0,2144
5,39,B,5,0,1751
6,0,S,7,0,4343
6,1,B,0,0,1567
6,2,O,6,0,2040
6,3,U,5,0,4519
6,4,O,2,0,1600
6,5,B,6,0,1599
6,6,O,0,0,2513
6,7,U,2,0,2343
6,8,S,3,0,952
6,9,U,0,0,1376
6,10,S,5,0,1392
6,11,B,1,0,2656
6,12,S,4,0,1288
6,13,B,0,0,1384
6,14,S,1,0,2400
6,15,U,1,0,1656
6,16,O,5,0,1031
6,17,B,5,0,4344
6,18,S,7,0,3360
6,19,U,3,0,5294
6,20,O,4,0,1239
6,21,U,5,0,2224
6,22,O,6,0,1015
6,23,U,2,0,2560
6,24,S,5,0,1184
6,25,U,5,0,1327
6,26,S,0,0,1025
6,27,U,0,0,967
6,28,O,2,0,4720
6,29,B,6,0,2256
6,30,S,3,0,4671
6,31,B,3,0,3113
6,32,O,7,0,1423
6,33,U,2,0,2656
6,34,O,4,0,5296
6,35,B,1,0,2096
6,36,S,3,0,1768
6,37,B,5,0,2816
6,38,O,1,0,1824
6,39,B,4,0,4647
sagal@cox.net,TC45,Fascinating...